# Grid parameters.
xy_min <- c(-180, -90)
xy_max <- c(180, 90)
grid_cells <- c(cols = 1440, rows = 720)
grid_crs <- 4326
